Значения высот для 1000 -> 100000 шаг 1000
BST (ключи распределены равномерно)
[20, 28, 28, 25, 28, 34, 31, 31, 30, 30, 34, 32, 29, 31, 31, 33, 31, 33, 33, 34, 31, 34, 33, 37, 41, 34, 36, 35, 40, 34, 35, 38, 36, 33, 36, 38, 39, 38, 37, 40, 38, 35, 39, 37, 41, 38, 42, 37, 33, 39, 40, 39, 35, 38, 42, 40, 34, 37, 42, 41, 39, 37, 37, 43, 38, 37, 44, 37, 40, 42, 40, 38, 39, 40, 36, 42, 39, 39, 45, 39, 38, 37, 41, 42, 41, 38, 40, 39, 45, 42, 39, 36, 41, 39, 43, 42, 38, 46, 41]

RBT (ключи монотонно возрастают)
[17, 19, 20, 21, 22, 22, 23, 23, 24, 24, 24, 24, 25, 25, 25, 25, 26, 26, 26, 26, 26, 26, 26, 26, 27, 27, 27, 27, 27, 27, 27, 27, 28, 28, 28, 28, 28, 28, 28, 28, 28, 28, 28, 28, 28, 28, 28, 28, 28, 29, 29, 29, 29, 29, 29, 29, 29, 29, 29, 29, 29, 29, 29, 29, 29, 30, 30, 30, 30, 30, 30, 30, 30, 30, 30, 30, 30, 30, 30, 30, 30, 30, 30, 30, 30, 30, 30, 30, 30, 30, 30, 30, 30, 30, 30, 30, 30, 30, 31]

AVL (ключи монотонно возрастают)
[10, 11, 12, 12, 13, 13, 13, 13, 14, 14, 14, 14, 14, 14, 14, 14, 15, 15, 15, 15, 15, 15, 15, 15, 15, 15, 15, 15, 15, 15, 15, 15, 16, 16, 16, 16, 16, 16, 16, 16, 16, 16, 16, 16, 16, 16, 16, 16, 16, 16, 16, 16, 16, 16, 16, 16, 16, 16, 16, 16, 16, 16, 16, 16, 16, 17, 17, 17, 17, 17, 17, 17, 17, 17, 17, 17, 17, 17, 17, 17, 17, 17, 17, 17, 17, 17, 17, 17, 17, 17, 17, 17, 17, 17, 17, 17, 17, 17, 17]

